3.583891580935372
6.822119920501275
8.520198864597566
-0.5630932873990213
-9.887254310089357
-0.1733469152902778
2.6290640701214585
5.611277188805994
-8.139899340920739
-3.449077093168098
-7.043376854789223
4.36335379925568
5.368074615702385
1.4895923987135085
0.8928074684743548
-9.59253202341802
8.268644280811
-6.590105289157839
-1.0554284336918585
-4.544139218238286
0.10125941641531355
-0.013360874012473545
-0.49102820794346247
2.199918292787344
-1.5675014352253447
-8.411865730670316
-5.691637530864564
-0.22435251507934684
-1.570217088627488
-1.6224584443041268
-9.345091759592918
-6.43984767776562
-0.8149216841434104