7.468170169892647
-1.816397530806535
-6.090894652172216
-7.845228063236518
-1.5232479154453804
2.957723517684294
2.750328633048107
-9.227600574821842
0.32969388716948433
7.079605037696357
5.375949967631515
-2.762127529298928
9.685098569124865
8.99561290888363
-6.198345106721015
8.463730500191016
2.334711393346831
-8.093755624037954
6.4213088838490195
-8.999173031418003
6.075889704030897
-7.888479560113466
9.427370394495572
8.084747715255642
-5.654205947844724
-6.432825317756348
8.471021259428264
-8.80275710725094
6.204202759739026
3.543902124886582
8.13433289257473
-3.7495357997326595
2.799850632081693
9.076848600707015
-2.1215143749370746
2.948649520945068
4.152881592600499
7.656117138647143
8.04641825516866
-3.6709363157235897
-9.15574081810361
2.572056366350308
3.926407737573716
0.9691289331808495
-2.7077501380725133
3.8861313197327085
-1.2184736446731081
-5.323308987959812
-6.259669559721028
-0.6687257674386027
8.630718548370275
-4.028528959056361
-9.513960074579305
-0.7304610836376035
-0.8655894886462789
-3.952913826128839
7.631616376312023
1.4380701884921265
-5.619224573774155
9.726875403458116
-5.142362748822427
-9.056911069574532
4.504707139225759
1.2822625807439447
-2.606994997992591
-5.580503460227955
-3.9869225949571785
9.53914642098213
3.8471475787537335
-0.001876569172605258
5.090719165859556
7.540995071464374
-9.69518720452836
-0.06490001215108787
5.213184600013405
9.472743653222789
0.4854637240808879
-1.916263999820833
3.2073705230920035
9.084396066611236
-2.122804027722176
7.290656050531972
8.078154735058192
-3.8654034838700913
4.72852424776931
-3.2320797509208488
-9.14391097130775
-6.136378913409533
-9.095509629608829
2.9678194659409307
-2.3690561120485443
4.327841748310424
-0.41848098419891233
-8.683628043011865
2.7214124159385955
-9.093356125644775
2.923985602638517
-7.054932972188235
-8.88466186145159
2.072268929397314
6.158926586779758
8.685659907008647
-4.367412898518386
-3.885166024712885
1.373936994661964
-6.68509707775097
-2.7253084240696968
-0.0720261685559942
5.850731910842275
8.749727403720495
-7.333004405616252
-7.249224387146649
0.24085999263844027
-5.351146835455705
2.9030332546535265
3.5418475507776392
3.536085332871717
1.2239455982747982
-7.068703954038553
-6.908745736312292
-3.802186245712571
-2.2084957762812163
7.55686589206749
-8.058392222169157
-6.109349643136688
-5.564587075718337
-2.282954349338988
-7.2177582402928575
0.5218593951473993
-1.76763813167216
7.243708316197739
-2.388974704210951
-5.333932593849857
-9.087589723352796
-1.7440689013929145
8.197989968942888
6.839685704778149
9.619653892884553
-7.034767287924124
8.61335961470604
3.3325672897439462
-2.061741744589778
-0.02495514069776661
-5.25032715903639
-4.850933545619358
8.176115416518135
4.088379235807533
-6.211921105320122
-9.708575870075759
9.00912552329427
-5.7832945669709535
1.2265971784767071
4.794516727197591
-8.146303921225545
-4.6869188296061415
-0.4689804086237448
-5.479465010266389
8.42003940194298
-4.364732528096722
-0.12796456009550372
1.2162333093662037
3.430414943539164
5.805589505157092
-1.1636767869301545
-8.237008122565438
1.7895876978348424
-8.00102246075895
7.4994587604436935
6.94034560704798
2.1790122587399896
9.86604982568284
-0.8014176448250865
-4.452208757275962
-2.494351028612538
-0.9115204065008697
-0.21556007488924056
-5.951851677772946
3.3893179187061095
4.3137325522979175
-9.959163718910865
5.255438227250107
4.487464518477324
-3.994255329430101
-6.9251601704998045
-3.717744375262586
5.616031692058563
6.253241363904651
0.7991207043072102
0.8302836898398702
-9.344117691665875
6.343133018905918
-0.9804182749370938
-5.367257892697328
6.341142705737579
-1.2481944992547378
9.90411343523479
-5.311989933421257
2.968735871180561
-9.050387940251369
8.251709262521496
-7.59741159655944
-4.739848418340151
-1.334450345797289
-9.259989541621923
7.142928867874332
2.1928571184723777
2.183704447372725
4.631252913881183
4.4482867970385565
6.066960988768724
1.2012988272256209
-4.589814671379306
-2.6194292852127843
2.9419346742533348
-8.164261086292676
-0.32264074364352524
-5.683665347167817
5.392049656631106
6.329341239822224
4.465882092204878
3.03366548746292
7.506934494972901
-3.0189135359510244
2.7885877973218687
4.053980095812819
-6.681981546791991
9.841252547896886
-3.801562293082452
0.7465101724135126
2.9930152694558876
-1.6332459466342097
-6.722602993366178
-9.353614139589638
8.367957505951678
-2.5807798530650405
5.438557894475187
-3.434165591416205
9.123155154209378
4.751177524497607
-1.7164262991188473
9.74150007650696
4.880476768423145
-1.373959056376317
-2.3960527015485766
4.247544906399976
-4.710316636317815
-1.7940341389097014
-8.989541725471778
-5.808019297293074
-6.02626548571553
2.9627987755682916
7.785994765576465
-1.9231823688207372
-1.849559519837345
1.0680948040554883
0.525846574489579
-6.45872146331401
-3.5677331020931424
-0.4352893138462788
-6.4629187474084615
4.103275349150128
-6.13165352572739
-2.3477925737731686
-2.1503193572637302
-4.1975421148305125
-9.08858488304324
-3.2359377937740863
9.82297247810977
0.8886504469032053
4.015956048396476
-7.064629379088347
8.923780949980532
-8.125788009238146
7.665906082308687
-7.195632897942619
-6.434495042435109
-9.667752459461735
-4.920318004840674
-5.560934141914626
0.5740166785676237
-7.430625130947264
-4.4831147855175235
8.701621674956526
-5.732754100869237
-3.6260154634272324
-9.167415636152834
9.603853340782443
3.5327874817557836
-2.8092467763841666
3.6620775402443018
3.447594648726806
-5.530070511814227
6.922652072051854
-9.762131678658514
-4.863801602432778
-5.906954636328585
-2.2503390045550864
3.570994041404041
7.407513868165534
1.7196871551907877
-5.010139170936112
6.8241825154279345
9.900822972072497
9.997234143375033
-3.9890480940584494
3.622743492548821
-8.956019304595095
4.6633772942770335
1.3965168761412672
-4.29550760950467
5.642720517442346
-1.995121398450972
-3.0664748953105736
-0.4854200936071962
-9.516222805845036
1.1565400772707335
1.8343121753883862
-5.895034589098329
4.3378221420354945
-0.027453389339857637
9.565813686013156
8.994248114144497
3.518135640531632
3.0283422513429104
-6.517764200310054
-4.579764273761611
2.85255303182427
8.927781637208003
4.005531781547114
8.52796004895842
-8.164072660655437
-8.104316742457915
-7.60921827479383
-1.8112435030320784
1.7116218388505366
7.05511260857568
-6.8361025633855865
-5.297750161183106
3.377998978276726
1.0956800688598767
-4.402637837964378
-9.93292912209801
3.902408602083094
4.006737137539269
4.583791026911945
-9.338014001885448
7.499683533831103
-0.799493232011872
-3.2902003601858
-1.5304511310581148
9.251465237525442
-5.572980091865829
-9.168020434503866
-1.79754341785332
6.221361534455663
-2.827579146347592
3.574955563248148
-4.773026370049731
6.9984891460519805
-9.206567251887616
6.721069132311452
9.658754388368305
-6.618188680846959
7.189287592583913
-1.827675875773922
-1.3901987616659994
-4.860628408272603
-2.9253200387502254
6.601614575893611
-9.17171229413893
9.35400518910765
8.719327831253597
-6.692821383271035
-6.655895045193123
3.0096406217752447
6.761828187651999
4.281639252132288
-5.187019818155214
-7.999151951746564
-0.2354593616748213
5.560973760046308
2.5618192931129347
1.9945484914651557
0.005123973144636196
-8.54773376368463
5.252350857977053
8.375434025380692
7.113245658340772
1.110527349127226
9.674757923079111
9.717970313824157
3.810624528756348
-8.626004576361662
-6.4612095170491735
-7.781246092716234
4.204260375568096
-7.080545637622588
-6.903616416281206
-9.540235192027504
-9.49739723258713
0.7064904040116282
-9.232792783065417
-9.376070929772968
-7.399700932305007
-8.4789828980457
-2.263638507727923
-1.4688501856365344
5.357931819411892
-5.10154964797791
-9.211794116778812
-9.232158159398498
-9.814304355633485
6.5739018395931215
1.8535606123452952
-8.074009344530747
5.9117502566581415
-1.68883787846553
7.115321184193242
7.377231988703823
1.3295118513168047
4.296443830577528
-0.05829684133964452
8.888207372175128
-8.608683129079676
-1.3119920015187203
-1.26115992889416
4.339397266405629
-5.509678632499209
-7.038536557534152
1.8612792226202846
-4.432706754068194
-8.541218271431038
1.5188058698202278
3.088815714348474
-5.811716148325905
8.674227804401188
8.101011615985406
4.884536764915368
4.794799729743917
-4.032389401070189
-8.991825953365113
-7.773172328049323
-9.066966780082168
1.957385386558479
8.187479053516636
7.585205993503035
6.736581946427256
-1.3116223758144763
-7.227141759964835
6.763627348793966
-9.683408897452338
-5.422232254973469
-6.614508982735692
9.050124847192969
-9.015082011072515
-4.619205004799052
-6.861155531467031
-6.17867320842497
3.2456989100737665
9.066053785851857
4.60261452084147
5.823287442819778
-8.349531117510317
-0.6369705947867121
6.757652610363558
-8.685697147527005
9.15817082974971
-4.3583707989481235
-0.5875654928551599
3.706269728648537
-2.9351208866674083
5.967655117545392
-1.175983199388675
-7.8384101360877745
4.901228773418702
1.3615642759539437
-4.734030018711799
-7.1593008187628016
-2.41106185065167
8.912579712042415
-9.46355699804121
7.302770019140827
-0.37922538846936416
-1.0920506193954438
0.5682228854283089
-9.096838137377517
2.8602702085990783
-3.7814967924411924
5.387436233148164
-8.325939966210631
4.230261617736253
-3.703980109920453
7.447993808624305
2.7023411739721714
-1.0923913824057685
-6.567646643512393
-3.070234239515779
-9.227213125551973
-9.602954928392187
-3.3392374326881935
4.11324662606825